 F
        8000       15443           3         400
   -0.847444703097265665E+04   -0.843457243925074181E+04
 T
   2
    0.200000000000000000E+01    0.300000000000000000E+01    0.500000000000000028E-01    0.949999999999999956E+00
   0
   0
 T T     0           0
    0.000000000000000000E+00   -0.100000000000000002+101    0.000000000000000000E+00
 F F     1          20
    0.250523988726892260E-18   -0.847444703097265665E+04   -0.843457243925074181E+04
 F F     1         380
    0.159775253456412868E-07   -0.115095478663139220E+05   -0.114858383586577820E+05
